#DataThief C:\Users\Anita Rogacs\Desktop\Nightingale_DATA.jpg Tuesday 13-Nov-2012 3:57:29 PM
0.1484, 0.4765
0.3256, 0.4765
0.5027, 0.4765
0.5032, 0.4757
0.6811, 0.4748
0.5045, 0.4739
0.5051, 0.4729
0.328, 0.4729
0.3285, 0.4721
0.5057, 0.4721
0.6834, 0.4712
0.8612, 0.4703
1.0389, 0.4694
1.216, 0.4694
1.2166, 0.4686
1.3944, 0.4677
1.5721, 0.4668
1.7498, 0.4659
1.927, 0.4659
2.1047, 0.465
2.2819, 0.465
2.4596, 0.4641
2.4602, 0.4632
2.6374, 0.4632
2.8145, 0.4632
2.9922, 0.4624
3.1694, 0.4624
3.3471, 0.4615
3.5243, 0.4615
3.7014, 0.4615
3.8792, 0.4606
4.0563, 0.4606
4.234, 0.4597
4.4112, 0.4597
4.4118, 0.4588
4.5889, 0.4588
4.7667, 0.4579
4.9438, 0.4579
5.1209, 0.4579
5.2981, 0.4579
5.4752, 0.4579
5.653, 0.4571
5.83, 0.4571
6.0073, 0.4571
6.1844, 0.4571
6.3616, 0.4571
6.5387, 0.4571
6.7159, 0.4571
6.893, 0.4571
7.0701, 0.4571
7.2479, 0.4562
7.425, 0.4562
7.6021, 0.4562
7.7793, 0.4562
7.9565, 0.4562
8.1336, 0.4562
8.3114, 0.4553
8.4885, 0.4553
8.6656, 0.4553
8.8428, 0.4553
9.0199, 0.4553
9.1971, 0.4553
9.3748, 0.4544
9.552, 0.4544
9.729, 0.4544
9.9062, 0.4544
10.0834, 0.4544
10.2606, 0.4544
10.4377, 0.4544
10.6148, 0.4544
10.792, 0.4545
10.9691, 0.4545
11.1463, 0.4545
11.3234, 0.4545
11.5011, 0.4536
11.6783, 0.4536
11.8555, 0.4536
12.0332, 0.4527
12.2103, 0.4527
12.3875, 0.4527
12.5646, 0.4527
12.7418, 0.4527
12.9189, 0.4527
13.0961, 0.4527
13.2738, 0.4518
13.451, 0.4518
13.628, 0.4518
13.8053, 0.4518
13.9824, 0.4518
14.1595, 0.4518
14.3367, 0.4518
14.5138, 0.4518
14.6909, 0.4518
14.8681, 0.4518
15.0453, 0.4518
15.2224, 0.4518
15.3996, 0.4518
15.5767, 0.4518
15.7539, 0.4518
15.931, 0.4519
16.1082, 0.4519
16.2859, 0.451
16.463, 0.451
16.6402, 0.451
16.8173, 0.451
16.9945, 0.451
17.1716, 0.451
17.3488, 0.451
17.5259, 0.451
17.7031, 0.451
17.8801, 0.451
18.0579, 0.4501
18.2351, 0.4501
18.4122, 0.4501
18.5894, 0.4501
18.7665, 0.4501
18.9437, 0.4501
19.1208, 0.4501
19.298, 0.4501
19.4751, 0.4501
19.6529, 0.4492
19.83, 0.4492
20.0071, 0.4492
20.1843, 0.4492
20.3614, 0.4492
20.5386, 0.4492
20.7157, 0.4492
20.8929, 0.4493
21.07, 0.4493
21.2478, 0.4484
21.4249, 0.4484
21.6021, 0.4484
21.7792, 0.4484
21.9563, 0.4484
22.1341, 0.4475
22.3112, 0.4475
22.4884, 0.4475
22.6655, 0.4475
22.8427, 0.4475
23.0198, 0.4475
23.197, 0.4475
23.374, 0.4475
23.5513, 0.4475
23.7284, 0.4475
23.9056, 0.4475
24.0827, 0.4475
24.2604, 0.4466
24.4376, 0.4466
24.4382, 0.4457
24.6153, 0.4457
24.7931, 0.4449
24.9702, 0.4449
25.1468, 0.4457
25.3233, 0.4466
25.5005, 0.4466
25.6776, 0.4466
25.8548, 0.4466
26.0319, 0.4466
26.209, 0.4466
26.3862, 0.4466
26.5638, 0.4458
26.741, 0.4458
26.9182, 0.4458
27.0954, 0.4458
27.2725, 0.4458
27.4497, 0.4458
27.6268, 0.4458
27.804, 0.4458
27.9811, 0.4458
28.1582, 0.4458
28.336, 0.4449
28.5125, 0.4458
28.6897, 0.4458
28.8668, 0.4458
29.044, 0.4458
29.2217, 0.4449
29.3989, 0.4449
29.576, 0.4449
29.7532, 0.4449
29.9303, 0.4449
30.1074, 0.4449
30.2846, 0.4449
30.4617, 0.4449
30.6389, 0.4449
30.8159, 0.4449
30.9931, 0.4449
31.1703, 0.4449
31.3475, 0.4449
31.5246, 0.4449
31.7018, 0.4449
31.8789, 0.445
32.0561, 0.445
32.2332, 0.445
32.4102, 0.445
32.588, 0.4441
32.7652, 0.4441
32.9424, 0.4441
33.1195, 0.4441
33.2967, 0.4441
33.4738, 0.4441
33.651, 0.4441
33.8281, 0.4441
34.0053, 0.4441
34.1824, 0.4441
34.3595, 0.4441
34.5367, 0.4441
34.7138, 0.4441
34.891, 0.4441
35.0681, 0.4441
35.2453, 0.4441
35.423, 0.4432
35.6002, 0.4432
35.7772, 0.4432
35.955, 0.4423
36.1322, 0.4423
36.3093, 0.4423
36.4865, 0.4423
36.6636, 0.4423
36.8408, 0.4423
37.0179, 0.4424
37.1951, 0.4424
37.3721, 0.4424
37.5493, 0.4424
37.7265, 0.4424
37.9037, 0.4424
38.0808, 0.4424
38.2579, 0.4424
38.4351, 0.4424
38.6122, 0.4424
38.7894, 0.4424
38.9665, 0.4424
39.1437, 0.4424
39.3208, 0.4424
39.498, 0.4424
39.6757, 0.4415
39.8529, 0.4415
40.03, 0.4415
40.2071, 0.4415
40.3843, 0.4415
40.5614, 0.4415
40.7386, 0.4415
40.9157, 0.4415
41.0929, 0.4415
41.0935, 0.4405
41.2706, 0.4405
41.4478, 0.4405
41.6249, 0.4405
41.8021, 0.4405
41.9792, 0.4405
42.1564, 0.4405
42.3335, 0.4405
42.5106, 0.4405
42.6878, 0.4405
42.8649, 0.4405
43.0421, 0.4407
43.2192, 0.4407
43.3963, 0.4407
43.5735, 0.4407
43.7507, 0.4407
43.9278, 0.4407
44.105, 0.4407
44.2821, 0.4407
44.4593, 0.4407
44.6364, 0.4407
44.813, 0.4416
44.9901, 0.4416
45.1672, 0.4416
45.345, 0.4407
45.5221, 0.4407
45.6993, 0.4407
45.8763, 0.4407
46.0542, 0.4398
46.2313, 0.4398
46.4085, 0.4398
46.5856, 0.4398
46.7627, 0.4398
46.9399, 0.4398
47.117, 0.4398
47.2942, 0.4398
47.4713, 0.4398
47.6484, 0.4398
47.8256, 0.4398
48.0034, 0.4389
48.1804, 0.4389
48.3577, 0.4389
48.5348, 0.4389
48.7119, 0.4389
48.8891, 0.439
49.0662, 0.439
49.2434, 0.439
49.4205, 0.439
49.5977, 0.439
49.7748, 0.439
49.952, 0.439
50.1291, 0.439
50.3069, 0.4381
50.484, 0.4381
50.6611, 0.4381
50.8383, 0.4381
51.0154, 0.4381
51.1926, 0.4381
51.3697, 0.4381
51.5469, 0.4381
51.724, 0.4381
51.9012, 0.4381
52.0783, 0.4381
52.2555, 0.4381
52.4325, 0.4381
52.6098, 0.4381
52.7869, 0.4381
52.9641, 0.4381
53.1412, 0.4381
53.3183, 0.4381
53.4955, 0.4381
53.6726, 0.4381
53.8498, 0.4381
54.0269, 0.4381
54.2041, 0.4381
54.3812, 0.4381
54.5584, 0.4381
54.7355, 0.4381
54.9121, 0.439
55.0892, 0.439
55.267, 0.4381
55.4441, 0.4381
55.6218, 0.4373
55.799, 0.4373
55.9761, 0.4373
56.1533, 0.4373
56.3304, 0.4373
56.5076, 0.4373
56.6846, 0.4373
56.8618, 0.4373
57.039, 0.4373
57.2162, 0.4373
57.3933, 0.4373
57.5704, 0.4373
57.7476, 0.4373
57.9247, 0.4373
58.1019, 0.4373
58.279, 0.4373
58.4562, 0.4373
58.6333, 0.4373
58.8105, 0.4373
58.9876, 0.4373
59.1648, 0.4373
59.3418, 0.4373
59.5191, 0.4373
59.6962, 0.4373
59.8733, 0.4373
60.0505, 0.4373
60.2276, 0.4373
60.4048, 0.4373
60.5819, 0.4373
60.7591, 0.4373
60.9362, 0.4373
61.1134, 0.4373
61.2905, 0.4373
61.4677, 0.4373
61.6448, 0.4373
61.822, 0.4373
61.999, 0.4373
62.1763, 0.4373
62.3534, 0.4374
62.5305, 0.4374
62.7077, 0.4374
62.8848, 0.4374
63.062, 0.4374
63.2391, 0.4374
63.4163, 0.4374
63.5934, 0.4374
63.7706, 0.4374
63.9477, 0.4374
64.1249, 0.4374
64.302, 0.4374
64.4792, 0.4374
64.6562, 0.4374
64.8334, 0.4374
65.0112, 0.4365
65.1883, 0.4365
65.3655, 0.4365
65.5426, 0.4365
65.7198, 0.4365
65.8969, 0.4365
66.0741, 0.4365
66.2511, 0.4365
66.4284, 0.4365
66.6055, 0.4365
66.7826, 0.4365
66.9598, 0.4365
67.1369, 0.4365
67.3141, 0.4365
67.4912, 0.4365
67.6684, 0.4365
67.8455, 0.4365
68.0227, 0.4365
68.1998, 0.4365
68.377, 0.4365
68.5541, 0.4365
68.7313, 0.4365
68.9083, 0.4365
69.0855, 0.4365
69.2627, 0.4365
69.4398, 0.4365
69.617, 0.4365
69.7941, 0.4365
69.9713, 0.4365
70.1484, 0.4365
70.3256, 0.4365
70.5027, 0.4365
70.6799, 0.4365
70.857, 0.4365
71.0342, 0.4365
71.2113, 0.4365
71.3885, 0.4365
71.5662, 0.4357
71.7433, 0.4357
71.9205, 0.4357
72.0976, 0.4357
72.2748, 0.4357
72.4519, 0.4357
72.6291, 0.4357
72.8062, 0.4357
72.9834, 0.4357
73.1605, 0.4357
73.3377, 0.4357
73.5148, 0.4357
73.6919, 0.4357
73.8691, 0.4357
74.0462, 0.4357
74.2234, 0.4357
74.4005, 0.4357
74.5777, 0.4357
74.7548, 0.4357
74.932, 0.4357
75.1091, 0.4357
75.2863, 0.4357
75.4634, 0.4357
75.6406, 0.4358
75.8176, 0.4358
75.9948, 0.4358
76.172, 0.4358
76.3491, 0.4358
76.5269, 0.4349
76.704, 0.4349
76.8812, 0.4349
77.0583, 0.4349
77.2355, 0.4349
77.4126, 0.4349
77.5897, 0.4349
77.7669, 0.4349
77.9445, 0.434
78.1218, 0.434
78.2989, 0.434
78.4761, 0.434
78.6532, 0.434
78.8304, 0.434
79.0075, 0.434
79.1853, 0.4331
79.3624, 0.4331
79.5394, 0.4331
79.7167, 0.4331
79.8938, 0.4331
80.071, 0.4331
80.2481, 0.4331
80.4253, 0.4331
80.6024, 0.4331
80.7795, 0.4332
80.9567, 0.4332
81.1339, 0.4332
81.311, 0.4332
81.4882, 0.4332
81.6653, 0.4332
81.843, 0.4323
82.0202, 0.4323
82.1973, 0.4323
82.3745, 0.4323
82.5522, 0.4314
82.7294, 0.4314
82.9064, 0.4314
83.0836, 0.4314
83.2608, 0.4314
83.4379, 0.4314
83.6151, 0.4314
83.7922, 0.4314
83.9694, 0.4314
84.1465, 0.4314
84.3237, 0.4314
84.5008, 0.4314
84.678, 0.4314
84.8557, 0.4304
85.0329, 0.4304
85.21, 0.4304
85.3871, 0.4304
85.5643, 0.4304
85.7414, 0.4304
85.9192, 0.4297
86.0963, 0.4297
86.2735, 0.4297
86.4506, 0.4297
86.6284, 0.4288
86.8054, 0.4288
86.9826, 0.4288
87.1598, 0.4288
87.3369, 0.4288
87.5141, 0.4288
87.6912, 0.4288
87.8683, 0.4288
88.0455, 0.4288
88.2233, 0.4279
88.4003, 0.4279
88.5781, 0.427
88.7553, 0.427
88.9324, 0.427
89.1096, 0.427
89.2873, 0.4261
89.4645, 0.4262
89.6416, 0.4262
89.8188, 0.4262
89.9959, 0.4262
90.1731, 0.4262
90.3502, 0.4262
90.5279, 0.4253
90.705, 0.4253
90.8822, 0.4253
91.06, 0.4243
91.2371, 0.4243
91.4143, 0.4243
91.592, 0.4235
91.7691, 0.4235
91.9463, 0.4235
92.1234, 0.4235
92.3006, 0.4235
92.4777, 0.4235
92.6555, 0.4226
92.8326, 0.4226
93.0098, 0.4226
93.1869, 0.4226
93.3646, 0.4218
93.5417, 0.4218
93.7189, 0.4218
93.8961, 0.4218
94.0732, 0.4218
94.251, 0.4209
94.4281, 0.4209
94.6053, 0.4209
94.783, 0.42
94.9601, 0.42
95.1373, 0.42
95.315, 0.4191
95.4922, 0.4191
95.6693, 0.4191
95.8465, 0.4191
96.0236, 0.4191
96.2013, 0.4182
96.3785, 0.4182
96.5556, 0.4182
96.7334, 0.4174
96.9104, 0.4174
97.0877, 0.4174
97.2648, 0.4174
97.4426, 0.4165
97.6197, 0.4165
97.7968, 0.4165
97.9746, 0.4156
98.1517, 0.4156
98.3295, 0.4147
98.5066, 0.4147
98.6838, 0.4147
98.8615, 0.4138
99.0386, 0.4138
99.2164, 0.4129
99.3935, 0.4129
99.3941, 0.4121
99.5713, 0.4121
