#DataThief C:\Users\Anita Rogacs\Desktop\Nightingale_DATA.jpg Tuesday 13-Nov-2012 4:03:54 PM
0.1025, 0.2791
0.2796, 0.2791
0.4573, 0.2782
0.6345, 0.2782
0.8122, 0.2772
0.9893, 0.2772
1.1671, 0.2764
1.3443, 0.2764
1.5213, 0.2765
1.6991, 0.2756
1.8763, 0.2756
2.0534, 0.2756
2.2306, 0.2756
2.4077, 0.2756
2.5849, 0.2756
2.7626, 0.2747
2.9398, 0.2747
3.1175, 0.2738
3.2946, 0.2738
3.4718, 0.2738
3.6489, 0.2738
3.826, 0.2738
4.0032, 0.2738
4.1804, 0.2738
4.3575, 0.2738
4.5352, 0.2729
4.7124, 0.2729
4.8895, 0.2729
5.0673, 0.2721
5.2444, 0.2721
5.4216, 0.2721
5.5987, 0.2721
5.7765, 0.2711
5.9536, 0.2711
6.1308, 0.2711
6.3079, 0.2711
6.4849, 0.2711
6.6622, 0.2711
6.8393, 0.2711
7.0165, 0.2711
7.1936, 0.2711
7.3714, 0.2703
7.5485, 0.2703
7.7257, 0.2703
7.9028, 0.2703
8.08, 0.2703
8.257, 0.2703
8.4342, 0.2703
8.612, 0.2694
8.7891, 0.2694
8.9663, 0.2694
9.1434, 0.2694
9.3212, 0.2686
9.4983, 0.2686
9.6754, 0.2686
9.8526, 0.2686
10.0297, 0.2686
10.2069, 0.2686
10.384, 0.2686
10.5612, 0.2686
10.7383, 0.2686
10.9155, 0.2686
11.0926, 0.2686
11.2698, 0.2686
11.4469, 0.2686
11.624, 0.2686
11.8012, 0.2686
11.9784, 0.2686
12.1561, 0.2677
12.3332, 0.2677
12.5104, 0.2677
12.6875, 0.2677
12.8647, 0.2677
13.0418, 0.2677
13.219, 0.2677
13.3961, 0.2677
13.5733, 0.2677
13.751, 0.2668
13.9281, 0.2668
14.1053, 0.2668
14.2824, 0.2668
14.4596, 0.2668
14.6367, 0.2668
14.8138, 0.2668
14.9904, 0.2677
15.1676, 0.2677
15.3447, 0.2677
15.5219, 0.2677
15.6989, 0.2677
15.8768, 0.2669
16.0539, 0.2669
16.231, 0.2669
16.4082, 0.2669
16.5853, 0.2669
16.7625, 0.2669
16.9396, 0.2669
17.1168, 0.2669
17.2939, 0.2669
17.4717, 0.266
17.6488, 0.266
17.826, 0.266
18.0031, 0.266
18.1797, 0.2669
18.3568, 0.2669
18.5339, 0.2669
18.7111, 0.2669
18.8888, 0.266
19.066, 0.266
19.2431, 0.266
19.4203, 0.266
19.5974, 0.266
19.7746, 0.266
19.9517, 0.266
20.1289, 0.266
20.306, 0.266
20.483, 0.266
20.6602, 0.266
20.8374, 0.266
21.0146, 0.266
21.1917, 0.266
21.3689, 0.266
21.546, 0.266
21.7231, 0.266
21.9003, 0.2661
22.0775, 0.2661
22.2546, 0.2661
22.4318, 0.2661
22.6089, 0.2661
22.7861, 0.2661
22.9632, 0.2661
23.1403, 0.2661
23.3175, 0.2661
23.4946, 0.2661
23.6718, 0.2661
23.8489, 0.2661
24.0261, 0.2661
24.2032, 0.2661
24.3804, 0.2661
24.5575, 0.2661
24.7347, 0.2661
24.9118, 0.2661
25.089, 0.2661
25.2661, 0.2661
25.4432, 0.2661
25.6204, 0.2661
25.7974, 0.2661
25.9747, 0.2661
26.1518, 0.2661
26.329, 0.2661
26.5061, 0.2661
26.6839, 0.2652
26.861, 0.2652
27.0382, 0.2652
27.2153, 0.2652
27.3924, 0.2652
27.5695, 0.2652
27.7467, 0.2652
27.9239, 0.2652
28.101, 0.2652
28.2782, 0.2652
28.4553, 0.2652
28.6324, 0.2652
28.8096, 0.2652
28.9868, 0.2652
29.1639, 0.2652
29.3411, 0.2652
29.5182, 0.2652
29.6954, 0.2652
29.8725, 0.2652
30.0496, 0.2652
30.2268, 0.2652
30.4039, 0.2652
30.5811, 0.2652
30.7582, 0.2652
30.9354, 0.2652
31.1125, 0.2652
31.2897, 0.2652
31.4668, 0.2652
31.644, 0.2652
31.8211, 0.2652
31.9983, 0.2652
32.1754, 0.2652
32.3525, 0.2652
32.5297, 0.2652
32.7067, 0.2652
32.884, 0.2652
33.0611, 0.2652
33.2383, 0.2652
33.4154, 0.2652
33.5926, 0.2652
33.7697, 0.2652
33.9475, 0.2644
34.1246, 0.2644
34.3017, 0.2644
34.4788, 0.2644
34.656, 0.2644
34.8338, 0.2636
35.0115, 0.2627
35.1887, 0.2627
35.3652, 0.2636
35.5417, 0.2645
35.7189, 0.2645
35.8961, 0.2645
36.0732, 0.2645
36.2504, 0.2645
36.4275, 0.2645
36.6046, 0.2645
36.7818, 0.2645
36.9588, 0.2645
37.136, 0.2645
37.3132, 0.2645
37.4904, 0.2645
37.6675, 0.2645
37.8447, 0.2645
38.0218, 0.2645
38.199, 0.2645
38.3761, 0.2645
38.5533, 0.2645
38.7304, 0.2645
38.9076, 0.2645
39.0847, 0.2645
39.2618, 0.2645
39.439, 0.2645
39.616, 0.2645
39.7933, 0.2645
39.9704, 0.2645
40.1476, 0.2645
40.3247, 0.2645
40.5019, 0.2645
40.679, 0.2645
40.8561, 0.2645
41.0333, 0.2645
41.2105, 0.2645
41.3876, 0.2645
41.5647, 0.2645
41.7419, 0.2645
41.919, 0.2645
42.0962, 0.2645
42.2739, 0.2637
42.4511, 0.2637
42.6282, 0.2637
42.8054, 0.2637
42.9825, 0.2637
43.1597, 0.2637
43.3368, 0.2637
43.5139, 0.2637
43.6911, 0.2637
43.8681, 0.2637
44.0454, 0.2637
44.2225, 0.2637
44.3997, 0.2637
44.5768, 0.2637
44.7534, 0.2646
44.9304, 0.2646
45.1077, 0.2646
45.2848, 0.2646
45.4626, 0.2637
45.6397, 0.2637
45.8168, 0.2637
45.994, 0.2637
46.1711, 0.2637
46.3483, 0.2637
46.5253, 0.2637
46.7026, 0.2637
46.8797, 0.2637
47.0569, 0.2637
47.234, 0.2637
47.4112, 0.2637
47.5883, 0.2637
47.7654, 0.2637
47.9426, 0.2637
48.1198, 0.2637
48.2969, 0.2637
48.474, 0.2637
48.6518, 0.2629
48.8289, 0.2629
49.0061, 0.2629
49.1832, 0.2629
49.3604, 0.2629
49.5375, 0.2629
49.7147, 0.2629
49.8918, 0.2629
50.069, 0.2629
50.2461, 0.2629
50.4232, 0.2629
50.6004, 0.2629
50.7774, 0.2629
50.9546, 0.2629
51.1318, 0.2629
51.309, 0.2629
51.4861, 0.2629
51.6633, 0.2629
51.8404, 0.2629
52.0176, 0.2629
52.1947, 0.2629
52.3719, 0.2629
52.5495, 0.262
52.7267, 0.262
52.9039, 0.262
53.081, 0.262
53.2582, 0.262
53.4353, 0.262
53.6125, 0.262
53.7896, 0.262
53.9668, 0.262
54.1439, 0.262
54.3211, 0.262
54.4982, 0.262
54.6753, 0.262
54.8525, 0.262
55.0296, 0.262
55.2068, 0.262
55.3839, 0.2621
55.5611, 0.2621
55.7382, 0.2621
55.9154, 0.2621
56.0925, 0.2621
56.2697, 0.2621
56.4468, 0.2621
56.624, 0.2621
56.8011, 0.2621
56.9783, 0.2621
57.1554, 0.2621
57.3325, 0.2621
57.5097, 0.2621
57.6867, 0.2621
57.8639, 0.2621
58.0411, 0.2621
58.2183, 0.2621
58.3954, 0.2621
58.5726, 0.2621
58.7497, 0.2621
58.9268, 0.2621
59.104, 0.2621
59.2812, 0.2621
59.4583, 0.2621
59.6354, 0.2621
59.8126, 0.2621
59.9897, 0.2621
60.1669, 0.2621
60.3439, 0.2621
60.5211, 0.2621
60.6983, 0.2621
60.8755, 0.2621
61.0526, 0.2621
61.2298, 0.2621
61.4069, 0.2621
61.584, 0.2621
61.7618, 0.2612
61.9388, 0.2612
62.1161, 0.2612
62.2932, 0.2612
62.4704, 0.2612
62.6475, 0.2612
62.8247, 0.2612
63.0018, 0.2612
63.179, 0.2612
63.3561, 0.2612
63.5333, 0.2612
63.7104, 0.2612
63.8875, 0.2612
64.0647, 0.2612
64.2418, 0.2612
64.419, 0.2612
64.596, 0.2612
64.7732, 0.2612
64.9504, 0.2612
65.1276, 0.2612
65.3047, 0.2612
65.4819, 0.2612
65.659, 0.2612
65.8362, 0.2612
66.0133, 0.2612
66.1905, 0.2612
66.3682, 0.2604
66.5453, 0.2604
66.7225, 0.2604
66.8996, 0.2604
67.0768, 0.2604
67.2539, 0.2604
67.4311, 0.2604
67.6082, 0.2604
67.7854, 0.2604
67.9625, 0.2604
68.1397, 0.2604
68.3168, 0.2604
68.4939, 0.2604
68.6711, 0.2604
68.8481, 0.2605
69.0254, 0.2605
69.2025, 0.2605
69.3797, 0.2605
69.5568, 0.2605
69.734, 0.2605
69.9111, 0.2605
70.0883, 0.2605
70.2654, 0.2605
70.4426, 0.2605
70.6197, 0.2605
70.7968, 0.2605
70.974, 0.2605
71.1511, 0.2605
71.3283, 0.2605
71.5053, 0.2605
71.6825, 0.2605
71.8597, 0.2605
72.0369, 0.2605
72.214, 0.2605
72.3912, 0.2605
72.5683, 0.2605
72.7455, 0.2605
72.9226, 0.2605
73.1003, 0.2596
73.2775, 0.2596
73.4546, 0.2596
73.6318, 0.2596
73.8089, 0.2596
73.9861, 0.2596
74.1632, 0.2596
74.3404, 0.2596
74.5175, 0.2596
74.6947, 0.2596
74.8718, 0.2596
75.049, 0.2596
75.2261, 0.2596
75.4032, 0.2596
75.5804, 0.2597
75.7574, 0.2597
75.9346, 0.2597
76.1118, 0.2597
76.289, 0.2597
76.4661, 0.2597
76.6433, 0.2597
76.8204, 0.2597
76.9976, 0.2597
77.1747, 0.2597
77.3519, 0.2597
77.529, 0.2597
77.7061, 0.2597
77.8833, 0.2597
78.0604, 0.2597
78.2376, 0.2597
78.4147, 0.2597
78.5918, 0.2597
78.769, 0.2597
78.9462, 0.2597
79.1233, 0.2597
79.3005, 0.2597
79.4776, 0.2597
79.6548, 0.2597
79.8319, 0.2597
80.009, 0.2597
80.1862, 0.2597
80.3633, 0.2597
80.5405, 0.2597
80.7176, 0.2597
80.8948, 0.2597
81.0719, 0.2597
81.249, 0.2597
81.4262, 0.2597
81.6034, 0.2597
81.7805, 0.2597
81.9582, 0.2588
82.1354, 0.2589
82.3125, 0.2589
82.4897, 0.2589
82.6667, 0.2589
82.8439, 0.2589
83.0211, 0.2589
83.1983, 0.2589
83.3754, 0.2589
83.5526, 0.2589
83.7297, 0.2589
83.9069, 0.2589
84.084, 0.2589
84.2612, 0.2589
84.4383, 0.2589
84.6154, 0.2589
84.7926, 0.2589
84.9697, 0.2589
85.1469, 0.2589
85.324, 0.2589
85.5011, 0.2589
85.6783, 0.2589
85.8555, 0.2589
86.0326, 0.2589
86.2098, 0.2589
86.3869, 0.2589
86.5641, 0.2589
86.7412, 0.2589
86.9183, 0.2589
87.0955, 0.2589
87.2726, 0.2589
87.4498, 0.2589
87.6269, 0.2589
87.8041, 0.2589
87.9811, 0.2589
88.1584, 0.2589
88.3355, 0.2589
88.5127, 0.2589
88.6904, 0.258
88.8675, 0.2581
89.0447, 0.2581
89.2218, 0.2581
89.399, 0.2581
89.576, 0.2581
89.7532, 0.2581
89.9304, 0.2581
90.1076, 0.2581
90.2847, 0.2581
90.4619, 0.2581
90.639, 0.2581
90.8162, 0.2581
90.9933, 0.2581
91.1705, 0.2581
91.3476, 0.2581
91.5247, 0.2581
91.7019, 0.2581
91.879, 0.2581
92.0562, 0.2581
92.2333, 0.2581
92.4104, 0.2581
92.5876, 0.2581
92.7648, 0.2581
92.9419, 0.2581
93.1191, 0.2581
93.2968, 0.2572
93.4739, 0.2572
93.6511, 0.2572
93.8282, 0.2572
94.0054, 0.2572
94.1825, 0.2572
94.3597, 0.2572
94.5368, 0.2572
94.714, 0.2572
94.8911, 0.2572
95.0683, 0.2572
95.2454, 0.2572
95.4226, 0.2572
95.5997, 0.2572
95.7768, 0.2572
95.954, 0.2572
96.1311, 0.2572
96.3083, 0.2572
96.4854, 0.2572
96.6625, 0.2572
96.8397, 0.2572
97.0169, 0.2572
97.194, 0.2572
97.3712, 0.2572
97.5483, 0.2572
97.7255, 0.2572
97.9026, 0.2572
98.0796, 0.2572
98.2569, 0.2572
98.434, 0.2572
98.6112, 0.2572
98.7883, 0.2572
98.9655, 0.2572
99.1426, 0.2572
99.3197, 0.2572
99.4969, 0.2572
