#DataThief C:\Users\Anita Rogacs\Desktop\Nightingale_DATA.jpg Tuesday 13-Nov-2012 4:02:31 PM
0.3302, 0.7362
0.5074, 0.7362
0.6844, 0.7363
0.8622, 0.7354
1.0394, 0.7354
1.2171, 0.7345
1.3949, 0.7336
1.572, 0.7336
1.7498, 0.7327
1.9268, 0.7327
1.9275, 0.7318
2.1052, 0.7309
2.2824, 0.7309
2.4595, 0.7309
2.6373, 0.7301
2.815, 0.7292
2.9927, 0.7283
3.1699, 0.7283
3.3476, 0.7274
3.5253, 0.7265
3.7025, 0.7265
3.8801, 0.7256
4.0574, 0.7256
4.2351, 0.7247
4.4123, 0.7247
4.5894, 0.7247
4.7666, 0.7247
4.9437, 0.7247
5.1208, 0.7247
5.1214, 0.7239
5.1219, 0.7229
5.2998, 0.7221
5.4775, 0.7212
5.6547, 0.7212
5.8324, 0.7203
6.0101, 0.7194
6.1873, 0.7194
6.3644, 0.7194
6.5422, 0.7185
6.7193, 0.7185
6.7199, 0.7177
6.897, 0.7177
7.0748, 0.7168
7.2525, 0.7159
7.4297, 0.7159
7.6068, 0.7159
7.784, 0.7159
7.9617, 0.7149
8.1394, 0.7141
8.3166, 0.7141
8.4943, 0.7132
8.6715, 0.7132
8.8492, 0.7123
9.0269, 0.7115
9.2041, 0.7115
9.3812, 0.7115
9.559, 0.7106
9.7361, 0.7106
9.9138, 0.7097
10.091, 0.7097
10.2687, 0.7088
10.4459, 0.7088
10.6236, 0.7079
10.8008, 0.7079
10.9785, 0.7069
11.1556, 0.7069
11.3334, 0.7062
11.5105, 0.7062
11.6877, 0.7062
11.8654, 0.7053
12.0431, 0.7044
12.2203, 0.7044
12.3974, 0.7044
12.5752, 0.7035
12.7529, 0.7026
12.9301, 0.7026
13.1078, 0.7017
13.2849, 0.7017
13.4621, 0.7017
13.6392, 0.7017
13.817, 0.7008
13.9947, 0.7
14.1719, 0.7
14.3496, 0.6991
14.5267, 0.6991
14.7039, 0.6991
14.8816, 0.6982
15.0588, 0.6982
15.2359, 0.6982
15.4131, 0.6982
15.4137, 0.6973
15.5914, 0.6964
15.7685, 0.6964
15.9457, 0.6964
16.1228, 0.6964
16.3006, 0.6955
16.4783, 0.6947
16.6554, 0.6947
16.8326, 0.6947
17.0097, 0.6947
17.1875, 0.6938
17.3646, 0.6938
17.5424, 0.6928
17.7195, 0.6928
17.8972, 0.692
18.0744, 0.692
18.2515, 0.692
18.4293, 0.6911
18.6064, 0.6911
18.7842, 0.6902
18.9613, 0.6902
19.139, 0.6894
19.3162, 0.6894
19.4933, 0.6894
19.6705, 0.6894
19.8481, 0.6885
20.0254, 0.6885
20.2031, 0.6876
20.3801, 0.6876
20.558, 0.6867
20.7351, 0.6867
20.9123, 0.6867
21.0894, 0.6867
21.2671, 0.6858
21.4443, 0.6858
21.6219, 0.6848
21.7992, 0.6848
21.9763, 0.685
22.1535, 0.685
22.3312, 0.6841
22.5084, 0.6841
22.6861, 0.6832
22.8633, 0.6832
23.041, 0.6823
23.2181, 0.6823
23.3953, 0.6823
23.5724, 0.6823
23.7502, 0.6814
23.9273, 0.6814
24.1045, 0.6814
24.2822, 0.6804
24.4593, 0.6804
24.6364, 0.6804
24.8136, 0.6804
24.9914, 0.6797
25.1685, 0.6797
25.3463, 0.6787
25.5234, 0.6787
25.701, 0.6779
25.8782, 0.6779
26.056, 0.677
26.2332, 0.677
26.4102, 0.677
26.5875, 0.677
26.7652, 0.6761
26.9423, 0.6761
27.1201, 0.6752
27.2972, 0.6752
27.4744, 0.6752
27.6515, 0.6752
27.8287, 0.6752
28.0064, 0.6743
28.1836, 0.6743
28.3607, 0.6743
28.5377, 0.6743
28.7156, 0.6735
28.8927, 0.6735
29.0705, 0.6726
29.2476, 0.6726
29.4248, 0.6726
29.6019, 0.6726
29.779, 0.6726
29.9562, 0.6726
30.1339, 0.6717
30.3111, 0.6717
30.4888, 0.6707
30.666, 0.6707
30.8437, 0.67
31.0208, 0.67
31.198, 0.67
31.3751, 0.67
31.5523, 0.67
31.73, 0.6691
31.9072, 0.6691
32.0843, 0.6691
32.2621, 0.6682
32.4392, 0.6682
32.6169, 0.6673
32.7941, 0.6673
32.9712, 0.6673
33.1484, 0.6673
33.3255, 0.6673
33.5032, 0.6663
33.6804, 0.6663
33.8576, 0.6663
34.0352, 0.6655
34.2124, 0.6655
34.3896, 0.6656
34.5667, 0.6656
34.7439, 0.6656
34.921, 0.6656
35.0982, 0.6656
35.2753, 0.6656
35.4531, 0.6646
35.6308, 0.6638
35.8085, 0.6629
35.9857, 0.6629
36.1628, 0.6629
36.34, 0.6629
36.5171, 0.6629
36.6947, 0.662
36.8719, 0.662
37.0491, 0.662
37.2269, 0.6611
37.404, 0.6611
37.5812, 0.6611
37.7589, 0.6602
37.9361, 0.6602
38.1132, 0.6602
38.2903, 0.6602
38.4675, 0.6602
38.6452, 0.6594
38.8224, 0.6594
38.9995, 0.6594
39.1773, 0.6585
39.3544, 0.6585
39.5316, 0.6585
39.7093, 0.6576
39.8864, 0.6576
40.0636, 0.6576
40.2407, 0.6576
40.4179, 0.6576
40.5956, 0.6566
40.7728, 0.6566
40.9499, 0.6566
41.1276, 0.6559
41.3048, 0.6559
41.4819, 0.6559
41.6591, 0.6559
41.8362, 0.6559
42.0134, 0.6559
42.1905, 0.6559
42.3677, 0.6559
42.5453, 0.655
42.7225, 0.655
42.8997, 0.655
43.0774, 0.6541
43.2546, 0.6541
43.4317, 0.6541
43.6095, 0.6532
43.7866, 0.6532
43.9638, 0.6532
44.1409, 0.6532
44.318, 0.6532
44.4952, 0.6532
44.6717, 0.6541
44.8489, 0.6541
45.026, 0.6541
45.2038, 0.6532
45.2044, 0.6524
45.382, 0.6515
45.5593, 0.6515
45.737, 0.6505
45.9141, 0.6505
46.0913, 0.6505
46.2684, 0.6505
46.4456, 0.6505
46.6227, 0.6505
46.8005, 0.6497
46.9776, 0.6497
47.1548, 0.6497
47.3319, 0.6497
47.5096, 0.6488
47.6867, 0.6488
47.8645, 0.6479
48.0417, 0.6479
48.2187, 0.6479
48.396, 0.6479
48.5731, 0.648
48.7503, 0.648
48.9274, 0.648
49.1051, 0.6471
49.2823, 0.6471
49.4594, 0.6471
49.6366, 0.6471
49.8143, 0.6461
49.9915, 0.6461
50.1686, 0.6461
50.3458, 0.6461
50.5229, 0.6461
50.7, 0.6461
50.8778, 0.6453
51.0549, 0.6453
51.2321, 0.6453
51.4092, 0.6453
51.587, 0.6444
51.7641, 0.6444
51.9412, 0.6444
52.1184, 0.6444
52.2955, 0.6444
52.4733, 0.6436
52.6503, 0.6436
52.8276, 0.6436
53.0047, 0.6436
53.1819, 0.6436
53.3596, 0.6427
53.5367, 0.6427
53.7139, 0.6427
53.8916, 0.6418
54.0688, 0.6418
54.2459, 0.6418
54.4231, 0.6418
54.6002, 0.6418
54.7774, 0.6418
54.9545, 0.6418
55.1322, 0.6409
55.3094, 0.6409
55.4865, 0.6409
55.6637, 0.6409
55.8408, 0.6409
56.018, 0.6409
56.1951, 0.6409
56.3729, 0.6401
56.55, 0.6401
56.7271, 0.6401
56.9049, 0.6392
57.082, 0.6392
57.2591, 0.6392
57.4363, 0.6392
57.6141, 0.6383
57.7912, 0.6383
57.9684, 0.6383
58.1455, 0.6383
58.3227, 0.6383
58.4998, 0.6383
58.6768, 0.6383
58.854, 0.6383
59.0318, 0.6374
59.209, 0.6374
59.386, 0.6374
59.5633, 0.6374
59.741, 0.6364
59.9182, 0.6364
60.0953, 0.6364
60.2724, 0.6364
60.4496, 0.6364
60.6267, 0.6366
60.8039, 0.6366
60.9809, 0.6366
61.1588, 0.6357
61.3359, 0.6357
61.5131, 0.6357
61.6907, 0.6348
61.8679, 0.6348
62.0451, 0.6348
62.2222, 0.6348
62.3994, 0.6348
62.5771, 0.6339
62.7543, 0.6339
62.9314, 0.6339
63.1086, 0.6339
63.2857, 0.6339
63.4628, 0.6339
63.64, 0.6339
63.8176, 0.633
63.9949, 0.633
64.172, 0.633
64.3498, 0.6322
64.5269, 0.6322
64.7041, 0.6322
64.8812, 0.6322
65.0589, 0.6313
65.2361, 0.6313
65.4132, 0.6313
65.5904, 0.6313
65.7675, 0.6313
65.9447, 0.6313
66.1218, 0.6313
66.2995, 0.6303
66.4767, 0.6303
66.6538, 0.6303
66.831, 0.6303
67.0087, 0.6295
67.1859, 0.6295
67.363, 0.6295
67.5402, 0.6295
67.7173, 0.6295
67.8951, 0.6286
68.0722, 0.6286
68.2493, 0.6286
68.4264, 0.6287
68.6036, 0.6287
68.7808, 0.6287
68.9579, 0.6287
69.1357, 0.6278
69.3128, 0.6278
69.49, 0.6278
69.6671, 0.6278
69.8443, 0.6278
70.0214, 0.6278
70.1985, 0.6278
70.3763, 0.6269
70.5534, 0.6269
70.7306, 0.6269
70.9077, 0.6269
71.0849, 0.6269
71.262, 0.6269
71.4392, 0.6269
71.6162, 0.6269
71.794, 0.626
71.9712, 0.626
72.1482, 0.626
72.3261, 0.6251
72.5032, 0.6251
72.6804, 0.6251
72.8575, 0.6252
73.0352, 0.6242
73.2124, 0.6242
73.3895, 0.6242
73.5667, 0.6242
73.7438, 0.6242
73.921, 0.6242
74.0981, 0.6242
74.2753, 0.6242
74.453, 0.6234
74.6301, 0.6234
74.8073, 0.6234
74.9845, 0.6234
75.1616, 0.6234
75.3393, 0.6225
75.5165, 0.6225
75.6936, 0.6225
75.8714, 0.6216
76.0485, 0.6216
76.2257, 0.6216
76.4028, 0.6216
76.58, 0.6216
76.757, 0.6216
76.9342, 0.6216
77.1114, 0.6217
77.2885, 0.6217
77.4657, 0.6217
77.6434, 0.6208
77.8206, 0.6208
77.9977, 0.6208
78.1755, 0.6199
78.3526, 0.6199
78.5297, 0.6199
78.7069, 0.6199
78.8846, 0.619
79.0618, 0.619
79.2389, 0.619
79.4161, 0.619
79.5932, 0.619
79.7704, 0.619
79.9475, 0.619
80.1247, 0.619
80.3018, 0.619
80.4795, 0.6181
80.6566, 0.6181
80.8338, 0.6181
81.011, 0.6181
81.1887, 0.6173
81.3659, 0.6173
81.543, 0.6173
81.7202, 0.6173
81.8973, 0.6173
82.0744, 0.6173
82.2516, 0.6173
82.4287, 0.6173
82.6065, 0.6164
82.7835, 0.6164
82.9607, 0.6164
83.1379, 0.6164
83.3151, 0.6164
83.4922, 0.6164
83.6694, 0.6164
83.8471, 0.6155
84.0242, 0.6155
84.2014, 0.6155
84.3785, 0.6155
84.5563, 0.6146
84.7334, 0.6146
84.9106, 0.6146
85.0877, 0.6146
85.2649, 0.6146
85.442, 0.6146
85.6191, 0.6146
85.7963, 0.6147
85.9734, 0.6147
86.1512, 0.6138
86.3283, 0.6138
86.5055, 0.6138
86.6825, 0.6138
86.8598, 0.6138
87.0375, 0.6129
87.2146, 0.6129
87.3918, 0.6129
87.5689, 0.6129
87.7467, 0.612
87.9238, 0.612
88.101, 0.612
88.2781, 0.612
88.4553, 0.612
88.6324, 0.612
88.8094, 0.612
88.9867, 0.612
89.1638, 0.612
89.341, 0.612
89.5187, 0.6111
89.6959, 0.6111
89.873, 0.6111
90.0502, 0.6112
90.2273, 0.6112
90.405, 0.6103
90.5822, 0.6103
90.7593, 0.6103
90.9365, 0.6103
91.1142, 0.6094
91.2913, 0.6094
91.4685, 0.6094
91.6457, 0.6094
91.8228, 0.6094
92.0, 0.6094
92.1771, 0.6094
92.3542, 0.6094
92.532, 0.6085
92.709, 0.6085
92.8862, 0.6085
93.0634, 0.6085
93.2406, 0.6085
93.4177, 0.6085
93.5955, 0.6076
93.7726, 0.6076
93.9497, 0.6076
94.1269, 0.6076
94.304, 0.6077
94.4812, 0.6077
94.6583, 0.6077
94.8355, 0.6077
95.0132, 0.6068
95.1904, 0.6068
95.3675, 0.6068
95.5447, 0.6068
95.7218, 0.6068
95.8995, 0.6059
96.0767, 0.6059
96.2538, 0.6059
96.431, 0.6059
96.608, 0.6059
96.7852, 0.6059
96.9624, 0.6059
97.1402, 0.605
97.3173, 0.605
97.4944, 0.605
97.6716, 0.605
97.8487, 0.605
98.0259, 0.605
98.203, 0.605
98.3801, 0.605
98.5573, 0.605
98.7345, 0.605
98.9122, 0.6042
99.0894, 0.6042
